astranaut: 5.170934527338438e-07 1.5021869500259493e-08 0.5357580464005591 -1 -1 0.23965087353823147
coffee: 0.000011236  0.000000123   0.9876812  -0.7   -0.6  0.012316
coins: 1.527149262989133e-07 6.050736015114122e-06 0.8738369354330151 -1 -1 0.013092498577924345
microarray: 0.00000101 0.00000000112 0.512  -0.6 -1.5 -0.31231234
nucleus: 0.00005576  0.0000003234   1.123123  -0.9123321   -1.1123123  -0.222345734132